[config]
vac = ANY
topx = 126.96617
topy = 37.30270
botx = 126.98231
boty = 37.28996

